508 1464 566 240
132 505 340 24 65 2314 155 505 340 24 116 282 1444 260 154 1212 240
327 132 1075 154 1352 176
196 505 340 24 71 313 322 162 377 313 145 273 240
196 190 697 2289 659 316 154 3175 240
132 505 340 24 56 366 150 508 1786 1183 240
132 304 505 340 24 72 283 115 3354 240
190 377 1039 189 154 1855 176
180 190 697 659 197 240
561 505 340 24 71 547 3518 498 240
180 3784 2114 330 978 167 1050 330 978 274 53 240
190 277 115 2479 176
132 505 340 24 141 221 561 240
196 190 2656 168 604 377 3469 240
132 505 340 24 65 497 2795 240
180 581 505 340 24 72 366 154 205 886 240
1719 122 1719 122 154 1719 122 283 150 154 3249 211 154 2443 120 211 154 2620 240
2660 155 780 277 505 340 24 71 651 150 205 316 256 833 240
196 2177 150 2176 377 2635 130 312 150 328 1212 240
154 206 2502 77 269 3806 351 154 231 187 211 247 149 66 240
741 304 505 340 24 72 283 115 119 230 72 240
132 505 340 24 65 1229 780 1401 155 505 340 24 116 566 240
155 505 340 24 116 1952 150 1514 155 833 789 240
247 695 2276 190 115 127 804 161 67 841 240
155 505 340 24 116 2596 150 283 115 1250 240
277 505 340 24 71 282 115 1824 256 132 505 340 24 65 282 154 818 1824 256 277 505 340 24 71 135 143 273 162 197 240
132 505 340 24 156 711 688 150 283 115 2910 1094 132 505 340 24 141 205 115 1824 189 3012 211 154 2368 63 211 154 2368 63 211 154 2534 240
277 3607 197 154 113 409 310
132 2577 1111 1094 522 651 189 154 3952 240
155 505 340 24 116 316 780 1764 505 340 24 72 155 176
154 1035 2007 190 1215 150 1792 240
132 505 340 24 65 356 947 211 197 296 132 399 240
221 155 283 449 1967 176
1400 748 150 305 1211 351 154 2124 71 240
132 361 132 327 338 697 3555 240
132 505 340 24 65 235 115 128 276 211 325 1871 211 154 1821 211 154 811 240
425 376 155 221 1710 176
221 155 283 449 243 407 211 154 1217 351 155 176
154 3351 190 2267 240
152 153 143 149 780 741 283 547 168 154 1607 1881 780 741 283 2177 150 402 156 414 240
1418 581 505 340 24 72 155 221 256 176
277 505 340 24 71 235 425 316 211 964 144 72 551 240
657 434 115 1211 211 947 1211 240
376 180 581 505 340 24 72 673 155 967 176
132 361 425 505 340 24 71 115 119 246 162 425 505 340 24 71 115 135 175 240
155 505 340 24 156 867 150 205 661 68 2062 150 316 240
328 1100 574 524 240
132 505 340 24 141 1125 150 205 115 1734 2045 780 356 132 505 340 24 141 205 115 1734 2879 330 115 865 240
1546 1551 115 1305 1426 211 377 1573 235 154 205 886 240
376 155 508 277 176
283 115 1734 1375 260 155 115 1734 2045 501 260 1330 1886 1815 240
180 434 115 2859 2859 240
774 132 269 651 150 154 2087 410 3816 780 132 1110 1110 140 1452 162 154 957 55 122 121 274 168 211 154 147 772 240
132 1257 150 361 1418 155 505 340 24 116 282 651 1722 240
196 505 340 24 71 115 313 145 150 154 1855 240
180 581 505 340 24 72 361 824 150 1268 156 154 947 160 240
196 505 340 24 71 1545 260 154 818 558 240
189 154 1303 1212 211 154 1821 780 330 134 214 66 190 235 154 173 195 330 338 150 2194 330 338 240
3670 269 115 594 594 594 594 240
132 1008 414 282 150 757 524 240
132 505 340 24 56 366 150 338 282 150 338 240
154 3418 593 211 154 3418 593 283 688 118 911 56 168 150 1020 115 2488 77 3518 77 238 224 189 154 2857 211 154 2857 240
277 505 340 24 71 818 115 982 240
657 190 697 697 150 559 197 522 501 240
304 505 340 24 72 205 235 328 1555 240
132 505 340 24 156 688 1444 331 154 865 240
115 1106 1106 130 130 130 143 224 670 429 71 211 154 219 360 131 330 118 360 66 189 154 203 429 211 154 231 187 211 428 765 78 77 240 3770 55 360 131 199 440 115 1106 240
247 61 77 310 190 930 930 150 903 561 176
327 155 1514 328 2967 195 176
154 1561 130 2559 211 154 2333 120 211 115 1305 933 2197 330 154 233 2694 211 115 1305 1426 319 115 594 1426 150 205 1420 150 154 3249 211 154 2227 240
221 155 361 277 523 205 697 659 154 1552 176
699 505 340 24 71 338 466 211 154 980 240
741 2023 150 508 524 240
190 180 196 2800 176
277 505 340 24 71 497 1577 150 1792 240
132 304 505 340 24 72 366 1464 627 150 205 627 240
196 190 115 594 1269 3759 240
196 190 154 912 1468 211 154 1647 72 367 240
132 505 340 24 65 651 150 508 466 211 328 3331 240
699 197 508 150 154 1855 331 154 1855 240
132 505 340 24 141 1477 155 331 951 1376 240
196 505 340 24 71 497 115 186 1342 150 205 115 1734 2027 240
327 155 715 425 256 643 221 176
190 196 1636 256 115 912 1269 190 282 115 1976 232 176
154 2445 190 3731 540 594 2105 1738 71 240
196 190 115 113 145 130 1401 211 154 1489 211 154 1489 211 154 1489 505 340 24 71 1561 130 2694 505 340 24 71 1561 130 189 115 118 360 65 65 841 240
132 361 155 332 150 338 951 240
190 277 316 1710 176
132 2577 328 865 780 132 2577 1969 235 328 865 235 328 237 3863 235 328 237 694 240
132 430 180 190 937 452 240
561 269 1110 543 1166 745 313 145 66 551 543 723 356 1166 551 189 377 118 2367 240
132 1121 155 505 340 24 56 205 566 240
292 1588 168 2127 240
221 155 559 328 2458 176
115 1511 150 205 115 128 214 211 154 3641 780 356 723 260 721 2045 150 508 150 205 1334 240
132 648 283 1051 325 564 150 115 1212 150 508 115 1212 240
316 154 2764 811 780 154 2179 523 205 2701 150 154 1877 1601 130 240
155 505 340 24 116 325 2524 1832 240
196 1959 282 150 338 150 154 899 501 260 967 150 221 930 240
277 505 340 24 71 115 119 294 161 240
657 648 283 1423 115 1100 351 415 1100 351 415 1837 240
190 305 1871 211 305 1871 176
1807 319 3327 240
824 327 155 205 2676 330 118 2367 351 154 1489 774 154 1489 190 3526 211 154 1489 240
505 1529 24 2553 780 115 113 131 310 196 505 340 24 71 134 482 505 340 24 71 3551 240
155 327 505 340 24 72 1238 328 2711 224 429 189 154 113 158 72 211 256 3048 240
221 155 1624 415 2319 176
180 190 115 1675 780 330 425 150 221 967 260 197 240
328 882 505 340 24 72 205 1577 150 508 1786 240
221 155 3029 305 1072 176
132 332 150 2660 155 260 197 150 1630 132 505 340 24 156 3335 240
221 155 430 277 505 340 24 71 2405 150 221 176
693 933 154 1869 693 283 115 870 211 1932 71 330 115 2488 130 240
155 505 340 24 156 688 1571 780 304 505 340 24 72 155 176
190 305 2524 1832 176
132 361 180 581 505 340 24 72 366 480 240
190 328 146 3138 563 176
1031 115 1667 310
180 1065 1150 196 1578 154 1607 240
132 505 340 24 65 282 154 833 211 316 154 1647 72 240
693 643 155 366 150 508 1786 176
132 505 340 24 56 366 150 691 155 356 723 240
221 155 361 971 154 2669 319 1545 176
180 434 547 2892 659 196 581 505 340 24 72 1368 415 240
328 140 1366 434 115 2924 438 189 115 140 1283 240
221 155 283 449 682 1283 168 150 154 822 3229 53 176
657 190 189 799 351 154 3807 72 551 240
623 2300 283 115 3831 176
132 304 505 340 24 72 366 150 3211 1185 240
132 430 292 505 340 24 116 316 115 1035 313 145 68 122 240
132 505 340 24 65 180 150 174 452 240
132 1276 115 128 276 54 397 240
425 221 155 3310 72 176
132 1043 283 150 221 256 1446 240
196 434 115 1468 240
155 327 673 197 1150 240
505 1529 24 319 196 563 1170 176 505 1529 24 505 1529 24 196 505 340 24 71 189 115 1919 176 505 1529 24
1400 748 150 305 2194 68 440 240
741 319 497 3894 240
196 581 505 340 24 72 1562 155 240
196 965 561 115 1549 240
657 3474 150 205 115 2296 438 240
196 140 1283 168 154 600 780 196 965 150 1461 240
132 505 340 24 156 688 1444 260 154 1197 211 501 240
319 155 2778 189 799 176
196 269 115 2407 240
154 438 269 750 118 77 56 780 539 277 269 1675 780 539 154 1667 523 205 2701 150 205 886 240
277 505 340 24 71 282 651 150 1268 156 256 328 780 196 643 205 115 1919 150 205 115 1146 240
325 706 58 777 549 3575 189 325 1982 189 325 1982 240
304 505 340 24 72 205 1368 351 1769 240
547 780 633 221 561 240
132 3695 325 2617 331 154 174 309 273 240
132 1043 283 115 594 127 418 211 115 594 127 418 211 115 128 245 65 238 336 189 325 128 3084 240
180 190 115 594 128 138 238 143 149 240
132 430 132 505 340 24 65 651 150 361 154 2183 240
425 505 340 24 71 154 1387 2319 211 1221 176
132 581 505 340 24 72 361 824 150 3945 155 327 1403 240
699 154 119 285 141 1022 232 312 240
275 73 131 190 189 799 351 154 2087 3044 240
155 815 505 340 24 72 1144 197 366 256 240
132 327 338 150 1044 189 944 1874 944 1874 944 1874 944 1874 944 1874 944 1874 944 1874 944 1874 944 1874 944 1874 132 327 240
180 190 115 928 211 928 240
132 327 505 340 24 72 673 155 967 780 539 132 505 340 24 65 651 150 221 325 1387 934 240
2660 155 260 154 127 267 187 211 154 1671 160 240
132 505 340 24 56 366 155 150 1164 325 1072 240
325 1248 882 505 340 24 72 903 296 723 296 132 327 505 340 24 72 205 1334 240
132 505 340 24 65 1444 331 154 3934 211 325 706 65 701 132 505 340 24 65 3737 115 1526 211 325 706 65 268 240
132 304 505 340 24 72 361 971 150 338 330 221 277 240
155 361 1150 277 523 205 2168 240
547 1103 327 505 340 24 72 338 561 240
292 549 713 168 235 115 140 1283 189 154 2371 240
132 505 340 24 156 688 1444 3629 150 180 240
155 505 340 24 116 651 150 508 1420 150 154 119 479 150 826 189 154 1303 501 240
376 155 1067 328 176
221 132 283 449 1426 425 155 505 340 24 116 651 150 205 176
180 190 3054 154 1858 811 240
180 668 683 154 1013 1781 120 283 115 928 211 928 240
292 711 757 235 154 1678 189 377 2528 240
316 155 283 150 221 256 240
425 190 328 501 176
132 1276 414 154 140 1283 240
277 861 205 154 2074 780 330 277 861 205 235 154 2669 240
132 505 340 24 56 366 150 283 150 1238 328 564 774 132 269 651 150 508 524 240
328 1859 190 115 1346 330 115 135 567 211 154 501 240
657 434 115 225 2724 150 377 3469 240
132 430 155 648 338 150 305 558 566 240
221 155 283 115 3579 769 176
824 221 155 361 824 150 221 256 176
155 304 505 340 24 72 283 150 757 780 319 155 176
277 505 340 24 71 424 37 240
296 132 1121 277 505 340 24 71 115 225 1193 240
132 505 340 24 65 651 150 508 466 211 316 522 425 196 269 651 150 1111 240
196 147 145 1050 154 1549 235 154 1549 240
154 3994 190 3731 240
154 2227 882 505 340 24 72 361 425 505 340 24 71 1813 425 505 340 24 71 1813 211 425 505 340 24 71 938 222 78 187 240
196 434 3190 115 627 501 240
155 861 1125 150 305 1082 240
196 505 340 24 71 115 799 211 381 238 742 240
154 2333 120 549 316 2380 168 71 240
154 1100 71 549 682 442 162 331 2989 1815 1815 1815 115 811 240
132 505 340 24 65 1444 3629 154 2003 68 3120 240
132 505 340 24 65 1418 132 1624 155 240
277 505 340 24 71 497 594 240
2553 780 132 581 505 340 24 72 283 425 132 505 340 24 65 651 150 221 256 240
189 328 1675 780 561 190 547 697 659 967 659 277 190 566 240
561 319 1166 3641 189 154 2983 189 154 1747 240
196 1959 1459 189 154 2371 240
221 155 430 277 505 340 24 71 154 3985 176
508 2648 211 1476 240
180 3468 154 1352 769 377 1100 240
132 505 340 24 65 566 211 305 2180 240
132 361 155 505 340 24 116 189 799 211 197 310
154 1526 523 205 497 3390 567 71 240
132 366 154 1489 505 340 24 71 2269 65 240
824 327 132 1361 305 2583 176
1445 154 2528 211 377 1072 780 154 1489 211 377 1072 780 219 167 66 67 168 377 1072 780 330 377 1072 780 330 377 1072 780 330 377 1072 240
328 1106 190 2466 2274 160 240
824 221 155 283 154 127 418 71 176
277 269 497 1904 368 240
180 190 115 497 2099 1044 240
132 513 150 1125 277 240
132 283 115 1734 2879 189 154 140 1283 240
180 978 1283 168 282 150 711 221 256 240
319 741 2099 1044 176
657 505 340 24 71 2915 331 154 1352 240
132 505 340 24 141 205 1229 351 155 260 115 338 56 240
180 882 505 340 24 72 283 1320 928 150 1238 1150 196 2759 150 1238 240
132 361 180 190 115 1702 381 238 1285 240
741 1442 414 240
132 366 256 1183 190 115 135 1760 240
180 513 115 1305 933 330 154 3175 330 154 140 1721 120 189 154 140 1721 120 240
292 332 150 1164 180 240
132 750 366 154 144 72 2725 240
132 327 505 340 24 72 691 155 449 1013 240
325 1526 190 152 440 154 1819 330 657 190 189 154 1039 330 657 269 331 951 240
154 2087 2262 693 1959 154 1387 2119 240
327 132 1588 930 256 1747 176
325 1526 190 3054 240
132 505 340 24 65 2314 132 505 340 24 156 688 316 522 256 240
155 505 340 24 116 316 833 789 240
196 190 282 115 2322 539 211 115 2090 240
155 505 340 24 116 543 947 260 197 240
196 190 1571 256 657 505 340 24 71 1111 150 1044 240
196 3493 296 754 196 3493 1150 240
196 505 340 24 71 147 212 162 150 3470 196 240
319 155 1253 155 505 340 24 116 651 150 691 197 176
425 190 277 1868 256 155 366 256 176
132 3062 155 1094 155 501 150 559 197 240
132 505 340 24 65 1444 3629 150 1044 331 154 98 74 532 236 240
328 3934 505 340 24 71 557 161 978 433 98 23 98 23 3955 98 23 3955 240
741 505 340 24 116 282 651 150 154 2183 240
657 434 115 1770 230 56 235 377 3469 240
154 1106 780 154 1106 189 154 3175 780 1414 154 1106 189 154 1489 780 330 1414 154 1106 189 154 1489 780 330 1414 154 1106 189 154 1489 780 330 154 1106 189 154 1489 211 154 233 27 55 429 1938 1974 240
205 2676 310
155 283 115 870 211 2891 150 205 115 870 150 205 115 2194 1881 240
824 1166 1886 283 561 189 305 1736 176
327 132 949 155 260 197 176
754 155 304 505 340 24 72 283 154 1678 780 741 505 340 24 116 189 799 780 741 505 340 24 116 189 2672 240
331 2989 780 754 196 190 115 200 472 501 260 2052 780 711 260 115 135 143 186 186 186 211 2450 501 240
115 980 190 115 594 980 256 780 277 269 115 118 158 186 211 811 240
132 366 1263 780 539 132 327 505 340 24 72 826 277 1183 240
277 815 505 340 24 72 1814 967 240
657 434 154 1552 657 160 130 2559 130 604 154 1489 240
221 155 283 150 2176 769 154 705 240
292 549 2486 168 240
180 269 115 1914 1205 240
657 135 317 154 3994 211 154 3994 351 115 237 67 532 211 115 2711 67 433 240
305 1084 1337 319 633 115 870 211 115 870 240
196 1959 282 150 338 150 154 899 501 260 967 150 221 930 240
277 269 282 189 325 144 72 2725 240
741 815 505 340 24 72 361 967 240
964 1039 330 292 1588 168 2446 1013 240
180 434 688 3522 154 1781 53 240
277 505 340 24 71 1602 240
132 548 115 127 418 211 982 240
132 283 150 2660 155 260 305 3956 240
657 1633 1239 1285 415 240
115 1082 434 1891 1891 118 804 189 154 2207 240
260 154 1357 190 1043 2878 780 330 154 1357 190 1043 2878 150 1357 780 330 154 1357 190 1043 2878 150 154 2088 780 330 154 2088 745 3641 189 154 2333 120 240
154 1546 523 205 1546 211 154 976 2035 1938 1974 240
327 505 340 24 72 155 3191 377 1346 176
196 190 2165 2402 150 826 351 180 240
132 3020 331 2989 539 1215 240
154 2227 269 189 154 118 804 189 3700 222 240
132 799 328 3833 240
741 332 150 559 155 240
132 366 115 870 211 3006 1405 240
180 269 115 1701 3636 3644 161 161 240
154 1468 513 547 3094 211 115 1734 898 211 377 3358 58 236 260 2161 1190 1094 282 150 1746 115 870 211 154 2003 1094 2161 1305 160 71 240
824 1166 1886 221 155 283 150 1335 189 1264 176
327 132 1361 328 3200 211 328 2201 56 176
328 1546 330 508 466 211 154 2403 330 2403 240
505 1529 24 2553 505 1529 24 505 1529 24 132 505 340 24 65 330 154 947 185 249 240
132 505 340 24 65 651 150 205 115 3409 1287 240
132 269 543 1763 150 154 2371 189 154 1855 240
132 505 340 24 65 2314 132 965 150 377 136 613 240
190 305 564 189 115 127 418 211 3528 176
154 899 878 132 332 150 221 190 2660 155 150 1067 115 934 211 947 240
221 155 283 449 1375 176
132 505 340 24 141 508 561 296 723 296 132 327 240
657 190 189 799 351 154 564 240
699 505 340 24 71 338 150 154 205 886 189 154 205 886 240
132 327 505 340 24 72 1144 155 150 338 1185 522 154 1185 240
304 505 340 24 72 2384 240 277 505 340 24 71 282 115 119 218 161 240
132 505 340 24 141 1514 325 1212 780 1400 240
221 155 283 449 1809 1545 176
115 1839 184 116 122 1891 1891 3555 240
425 505 340 24 71 154 1518 211 277 176
633 697 697 659 115 1305 1426 780 657 269 115 3685 3685 240
328 190 115 2722 3814 1168 240
292 861 283 691 506 240
132 2597 150 673 414 240
425 376 155 221 351 305 3200 176
155 327 505 340 24 72 949 155 115 1839 237 3863 240
328 2479 190 356 2981 222 296 3775 296 277 190 240
132 1121 155 505 340 24 56 205 2054 150 205 400 164 240
132 965 150 154 2458 240
377 1700 77 3622 1189 154 225 2724 150 154 957 74 835 351 415 240
196 147 145 1050 154 642 3370 211 154 947 185 224 2694 149 841 240
154 2706 269 682 1493 168 604 115 811 240
132 304 505 340 24 72 361 754 132 327 221 256 240
155 505 340 24 116 165 262 153 659 425 155 283 547 2892 240
132 1423 197 154 1387 150 338 466 240
132 505 340 24 65 1571 310
132 581 505 340 24 72 361 1418 132 513 688 150 221 256 240
132 505 340 24 141 338 150 154 561 240
132 505 340 24 65 2314 150 242 156 154 2368 63 71 240
155 648 283 115 3290 351 305 2180 330 1299 305 1681 839 240
155 505 340 24 116 1315 1315 522 277 833 789 240
425 673 155 425 292 505 340 24 116 651 150 338 951 176
132 505 340 24 156 711 1368 325 1106 127 418 211 328 980 240
155 505 340 24 116 750 356 1457 1349 240
623 657 283 115 912 3865 176
132 505 340 24 65 282 115 127 418 77 128 276 240
180 750 2023 150 508 115 870 211 115 870 211 115 870 240
132 799 154 225 2724 211 377 1346 240
196 269 1976 312 312 128 545 312 682 145 2114 240
155 648 283 1417 150 305 2396 240
154 1526 1299 154 1526 1816 235 154 1549 240
155 505 340 24 116 3502 150 1514 71 77 240
1526 190 189 799 351 414 150 221 115 2974 240
154 3934 190 154 1387 150 1268 156 154 1387 240
115 146 250 190 115 1702 697 1519 659 115 1035 115 126 116 122 240
824 1166 1061 221 155 283 150 903 466 176
1144 305 3416 240
154 3175 3917 115 1305 3506 211 154 2575 240
657 581 505 340 24 72 283 150 205 115 1468 240
155 505 340 24 141 205 2676 211 1464 833 789 240
657 2046 197 154 118 911 211 154 118 285 240
196 1578 256 292 505 340 24 156 867 150 221 256 292 505 340 24 116 3737 240
328 1747 434 115 497 253 195 235 154 140 1283 240
221 155 283 930 1417 211 301 498 176
328 3354 211 3036 1043 205 143 333 240
196 505 340 24 71 2402 150 1067 930 150 221 256 132 861 1240 1185 240
824 190 154 501 780 971 155 549 176
561 190 547 3059 155 150 338 150 1264 240
132 1551 154 121 911 211 501 240
132 332 155 150 205 189 351 197 240
132 327 338 150 338 1622 1146 240
657 3020 331 377 1546 240
132 715 115 1511 240
328 2711 224 429 269 115 1056 2853 211 154 947 438 211 154 3175 189 115 1056 501 240
155 505 340 24 116 651 150 205 277 150 154 205 886 240
657 1276 154 206 2502 77 211 154 144 72 2725 211 154 528 3223 240
132 304 505 340 24 72 332 150 2823 240
132 505 340 24 141 508 277 189 154 121 224 164 240
154 2731 139 224 429 505 340 24 71 147 212 68 3239 505 1529 24 505 1529 24 223 61 287 319 115 870 505 1529 24 505 1529 24 240 505 1529 24
132 332 150 903 155 332 150 903 240
304 505 340 24 72 283 1320 2552 240
132 548 150 916 115 912 980 328 2904 240
180 269 189 501 331 154 501 240
132 430 154 119 285 269 202 613 70 1366 154 118 367 240
155 648 283 1299 235 154 121 2442 235 154 2027 240
132 505 340 24 65 1384 132 505 340 24 65 1384 132 716 774 155 548 150 205 1420 774 155 548 150 205 240
508 154 1461 310
657 2234 150 205 1185 240
3670 190 651 150 2168 240
292 505 340 24 116 633 115 136 245 116 122 240
328 1859 190 282 2322 240
505 1529 24 425 505 340 24 71 155 176 505 1529 24 505 1529 24 132 505 340 24 65 115 1468 240 505 1529 24
155 505 340 24 116 633 118 911 240
277 505 340 24 71 282 325 313 145 240
221 155 332 150 430 964 1387 780 319 155 651 150 903 563 155 176
132 505 340 24 65 356 2757 162 155 240
316 155 283 150 221 780 328 190 305 3613 130 604 1982 240
155 327 505 340 24 72 3191 769 256 150 155 240
155 505 340 24 116 282 115 1839 659 480 240
132 332 155 150 916 115 1828 240
180 434 3417 1695 240
132 505 340 24 65 282 115 1839 310
132 505 340 24 65 750 937 452 240
132 283 547 1426 425 292 505 340 24 116 651 150 221 256 240
180 882 505 340 24 72 332 154 1858 878 150 205 2701 150 2528 240
657 190 136 3449 312 296 115 136 250 56 238 224 240
376 155 283 115 1667 176
154 2617 190 1801 604 115 237 804 235 115 1824 130 240
196 190 1571 211 154 600 189 377 600 505 340 24 71 600 240
561 319 115 870 211 928 240
132 505 340 24 65 282 937 452 240
657 505 340 24 71 115 119 230 141 65 65 240
693 376 155 559 414 176
1167 136 3449 154 1352 240
277 269 115 1770 56 1824 312 1918 240
277 505 340 24 71 651 150 757 466 774 277 327 1101 240
1368 211 328 1157 149 66 780 328 1633 130 2694 497 2012 240
132 505 340 24 65 115 934 934 240
277 505 340 24 71 425 132 505 340 24 56 205 155 150 221 240
155 505 340 24 116 2402 150 221 256 240
190 328 305 2146 176
132 505 340 24 65 1043 594 240
132 304 505 340 24 72 366 305 1410 240
132 332 150 508 524 240
115 1035 269 2594 162 115 1667 240
132 283 115 1035 121 224 122 150 1792 240
132 327 916 155 115 1035 928 754 155 548 150 205 115 1734 1375 240
508 154 818 980 466 566 240
221 155 332 197 150 691 197 176
132 283 115 1363 299 127 418 211 115 128 276 240
189 154 1736 780 154 1736 269 2853 154 1736 2730 240
1031 197 774 155 332 150 205 240
277 505 340 24 71 154 1039 189 328 938 2502 162 154 1039 189 328 938 164 240
2845 505 340 24 71 147 309 224 512 150 1746 240
180 3436 154 1044 331 1044 1330 1886 1815 115 1146 240
132 430 277 505 340 24 71 501 260 197 150 508 328 144 72 367 240
1418 376 155 559 197 356 1035 197 522 155 176
132 505 340 24 56 366 150 205 115 1056 501 539 132 867 115 126 276 211 1981 309 273 240
2662 173 1582 197 115 870 150 1299 154 121 2442 211 377 1526 150 377 1526 240
328 2257 434 688 2099 235 154 140 1462 77 240
132 505 340 24 65 282 1571 256 132 505 340 24 65 282 651 150 361 277 240
132 505 340 24 65 633 1444 3629 155 505 340 24 156 867 150 366 115 135 626 240
154 2835 882 505 340 24 72 437 156 1221 240
623 561 366 150 508 366 561 176
132 548 115 1402 240
319 155 1908 2035 176
154 2706 190 682 262 168 240
132 2170 256 505 340 24 71 154 1387 501 774 155 549 189 799 351 155 240
277 505 340 24 71 115 1305 811 780 1271 505 340 24 72 277 176
154 3284 122 143 149 327 1020 154 2122 211 154 3986 693 549 2296 240
180 2759 150 221 256 789 240
277 505 340 24 71 154 1809 72 198 54 72 240
155 505 340 24 116 282 661 68 2062 197 240
132 505 340 24 65 1763 211 2070 240
741 327 505 340 24 72 949 197 425 132 332 150 240
196 1918 150 1164 1793 774 196 643 205 1786 240
721 211 154 2396 780 154 2087 2006 211 209 1305 3229 77 240
221 155 361 154 980 150 154 2333 120 211 154 2088 71 176
155 283 115 1734 2879 260 150 1814 240
657 434 115 2788 579 567 189 115 140 360 130 240
154 174 1153 149 2076 466 211 325 1414 240
154 242 1669 162 1061 319 1502 1000 168 351 1329 1305 745 1305 160 593 240
190 196 651 150 338 150 154 1082 176
190 328 305 1346 235 176
132 327 505 340 24 72 1216 155 505 340 24 116 651 150 1216 277 505 340 24 71 651 150 205 115 3831 240
221 155 1410 154 127 418 211 127 418 71 176
132 1588 155 305 1789 240
623 328 221 197 651 150 508 524 176
2184 668 175 415 1346 150 377 1346 150 154 1123 240
132 304 505 340 24 72 283 115 3354 240
132 505 340 24 65 497 1229 240
189 1170 274 211 154 140 1091 523 205 143 154 140 1091 242 141 71 240
132 283 115 3403 907 211 325 1211 240
132 1442 414 150 1562 154 1468 240
824 1166 3641 211 1807 319 561 189 305 1039 176
325 934 269 1816 887 240
221 155 1502 1502 338 466 211 154 2396 176
154 1430 3370 269 154 899 160 189 154 899 1855 189 154 2601 693 1254 189 154 2901 240
154 2479 2113 505 340 24 72 356 2981 222 240
132 2577 150 998 154 2702 333 211 154 980 132 1299 115 3379 149 308 240
132 1914 971 180 330 480 319 1301 162 240
196 1423 377 1248 505 340 24 71 115 151 2442 235 377 313 145 240
425 221 155 221 256 221 176
505 1529 24 425 505 340 24 71 155 176 505 1529 24 505 1529 24 505 1529 24
292 505 340 24 116 651 150 338 150 154 2194 2475 240
221 155 1216 189 305 2475 176
292 505 340 24 141 916 154 118 911 189 154 1489 240
657 882 505 340 24 72 1414 908 155 505 340 24 116 282 1334 240
180 716 221 256 240
221 155 366 127 635 3619 176
221 155 430 155 505 340 24 156 867 150 757 150 197 260 2925 176
221 155 283 449 1426 176
132 304 505 340 24 72 974 366 132 505 340 24 65 282 2522 256 240
328 113 250 190 3731 745 144 615 457 745 144 72 153 780 539 132 304 505 340 24 72 361 657 657 260 414 240
155 505 340 24 116 2496 1757 240
132 505 340 24 65 2596 150 283 155 296 115 934 240
657 190 497 2795 240
132 505 340 24 65 1384 780 132 581 505 340 24 72 1562 155 240
132 3733 154 1489 211 428 765 78 187 187 190 558 211 115 2123 256 505 340 24 71 135 143 65 240
155 505 340 24 116 316 633 188 306 312 150 205 1571 211 305 2396 240
132 505 340 24 156 1317 1334 425 505 340 24 71 651 150 205 1334 425 150 205 1334 240
154 1269 434 2023 150 3113 3465 154 1489 211 154 1489 240
154 705 190 189 799 240
132 2360 155 356 723 189 1111 240
561 549 547 1769 211 115 1305 3518 77 240
155 327 505 340 24 72 3334 260 155 549 1317 1444 260 197 150 508 115 1555 176
155 648 283 375 133 162 150 338 150 155 240
277 505 340 24 71 1695 256 155 505 340 24 116 1695 240
1400 1240 197 154 119 309 1382 240
132 548 150 283 305 2183 150 1075 260 2015 240
508 2648 310
196 190 282 789 697 697 539 273 122 312 115 127 804 211 127 804 240
