132 505 340 24 141 205 566 240
132 269 1914 162 155 316 691 71 154 1710 1212 240
132 505 340 24 141 508 154 1352 176
196 523 205 2402 150 377 2771 1653 2711 841 240
196 190 697 3775 659 316 154 3175 240
132 505 340 24 56 366 150 205 115 594 833 240
132 304 505 340 24 72 826 2610 240
377 1039 190 189 154 1855 211 154 1855 176
180 190 697 659 197 240
561 505 340 24 71 547 98 2745 77 240
180 434 688 136 3449 330 144 72 986 351 377 118 911 240
221 196 283 115 1269 211 176
196 505 340 24 71 651 150 205 2701 150 205 115 1056 2396 425 132 269 651 150 240
196 190 115 947 130 438 240
132 505 340 24 65 497 2627 240
180 882 505 340 24 72 366 154 3807 72 240
1719 122 319 2077 150 154 1932 160 71 211 154 976 2035 1938 1974 240
2660 155 780 277 523 205 316 240
196 2177 150 3470 154 1661 770 211 154 2396 240
154 1468 211 375 1493 71 2470 150 154 118 911 240
741 304 505 340 24 72 283 150 205 356 627 833 789 240
132 505 340 24 65 1229 780 1401 155 505 340 24 116 566 240
155 861 1792 150 1792 150 508 155 150 508 524 150 155 240
247 67 53 190 115 1305 1066 485 131 240
155 505 340 24 116 2596 150 283 115 1250 240
328 190 282 154 947 130 1401 211 154 609 2953 841 190 282 154 609 2953 841 211 154 609 2953 841 240
132 711 283 115 818 818 115 818 558 818 115 818 558 132 505 340 24 56 205 115 1146 260 115 2488 2123 150 154 3249 211 154 3249 211 115 2488 127 889 240
277 505 340 24 71 651 150 508 524 197 524 310
132 2577 1111 1094 150 338 150 154 3952 240
155 505 340 24 116 413 940 780 1764 505 340 24 72 155 176
154 1605 2007 882 505 340 24 72 361 967 2156 150 691 240
132 505 340 24 65 296 1555 240
376 155 559 414 176
826 197 211 305 1211 189 305 1211 240
132 361 132 327 338 697 3555 697 2343 240
132 505 340 24 65 497 1763 235 325 1678 331 154 1821 211 154 811 240
425 376 155 283 449 682 218 176
221 155 283 449 1410 351 155 176
154 3351 190 3526 240
152 145 77 190 154 428 122 211 154 113 145 77 211 154 113 145 77 211 154 113 145 77 211 154 113 145 77 211 154 113 360 367 780 741 283 150 1335 1398 414 240
1418 581 505 340 24 72 155 283 449 1426 176
277 505 340 24 71 235 425 964 1868 71 292 198 261 70 145 66 240
657 434 115 1211 115 1211 189 115 1211 240
180 581 505 340 24 72 673 155 176
132 361 425 277 505 340 24 71 115 113 145 532 122 240
155 505 340 24 116 2466 833 789 240
328 1100 1633 497 1183 240
132 505 340 24 141 1125 150 508 115 1734 2045 780 132 505 340 24 65 1444 150 508 115 115 865 330 115 865 240
1546 136 3449 154 1100 189 377 118 246 211 377 118 407 240
425 376 196 283 1334 176
1240 1779 115 1734 2045 2045 189 115 811 240
180 434 115 2859 2859 240
774 132 1110 2537 168 154 172 2506 232 780 132 505 340 24 156 1110 688 189 154 2227 1094 132 1051 154 144 72 2725 240
132 1257 150 361 1418 155 505 340 24 116 282 757 240
196 505 340 24 71 115 313 218 150 508 115 501 150 205 115 501 240
180 581 505 340 24 72 361 824 150 205 1057 457 240
196 505 340 24 71 115 140 1283 240
223 77 190 115 870 211 128 1896 330 338 235 154 1489 240
3670 513 115 594 1712 240
132 1008 414 282 150 304 505 340 24 72 361 240
132 505 340 24 56 366 150 338 282 338 561 240
154 3418 164 2559 1502 283 115 1305 3598 211 115 1305 128 478 66 224 224 224 553 189 328 2857 240
277 505 340 24 71 818 115 982 240
657 434 633 559 501 150 559 501 240
304 505 340 24 72 205 235 328 2711 224 429 235 328 240
132 505 340 24 156 867 150 559 415 150 154 865 240
699 505 340 24 71 115 1106 115 1106 115 1106 115 1106 115 1106 115 1106 115 1106 115 1106 115 1106 154 275 122 224 224 224 224 67 65 67 241 162 240
425 115 594 3528 211 3528 310
327 155 508 328 2648 130 168 176
154 1303 211 154 1489 71 319 115 594 782 75 162 780 154 1489 211 154 1489 505 340 24 71 135 3458 505 340 24 71 237 898 211 154 172 2506 367 211 154 172 2506 232 211 154 172 2506 232 211 154 1607 160 211 154 1607 240
716 155 508 697 697 659 633 176
699 505 340 24 71 221 277 240
741 332 150 205 316 741 189 799 240
190 180 115 136 1372 176
277 505 340 24 71 497 1577 150 1792 240
132 304 505 340 24 72 366 150 205 543 627 627 627 240
277 505 340 24 71 115 594 1346 240
196 190 154 912 642 65 211 154 144 72 1548 367 189 1425 240
132 505 340 24 65 651 150 508 328 3331 240
757 351 197 154 1855 150 154 1855 240
132 505 340 24 141 508 155 150 154 1197 1376 1376 240
196 269 115 537 1452 567 211 2027 330 2824 240
327 155 715 425 256 1065 176
190 561 115 1305 1910 1731 190 256 563 282 115 127 635 176
154 2445 190 115 1701 3636 3644 161 186 122 472 189 154 2445 240
196 190 2656 168 540 154 206 2502 211 154 609 2953 841 211 154 609 2953 841 211 115 136 245 65 841 240
132 361 155 332 150 1164 951 240
327 505 340 24 72 154 818 1346 296 277 505 340 24 71 316 176
115 865 150 328 865 780 132 2577 1446 189 328 865 780 132 2577 150 154 205 886 240
132 430 180 190 115 118 212 222 157 240
561 269 1110 543 1166 1061 189 377 118 911 189 377 118 911 189 377 118 911 189 377 118 911 189 377 118 911 189 377 118 911 240
132 1121 155 505 340 24 141 205 566 240
292 505 340 24 116 140 889 168 2127 240
376 155 757 328 1476 176
260 115 1035 501 150 1020 115 1702 211 2891 780 196 861 205 2701 150 600 154 2227 240
132 513 150 2656 325 564 189 115 1212 240
316 154 501 780 154 980 523 205 2701 150 508 410 463 240
155 505 340 24 116 325 3205 182 195 240
196 882 505 340 24 72 366 150 338 150 154 3109 260 930 240
277 505 340 24 71 3991 240
657 648 283 688 150 508 115 1100 351 377 1837 240
190 305 1871 176
1807 2134 2641 319 2684 211 154 1700 77 211 1061 319 2684 240
824 327 155 205 2676 351 154 1489 505 340 24 71 2165 356 1489 505 340 24 71 356 1104 310
505 1529 24 319 155 780 505 340 24 116 154 134 309 77 780 115 228 238 77 310
155 327 505 340 24 72 1238 328 2711 224 429 211 154 2396 240
221 155 1624 377 2563 2319 176
180 780 693 190 697 330 425 2419 425 1872 150 221 351 197 240
328 882 505 340 24 72 361 425 505 340 24 71 1577 150 1101 150 155 240
221 155 508 305 1072 176
132 332 155 150 508 1689 295 150 197 150 197 240
425 319 155 651 150 221 176
292 283 243 1932 168 115 1932 189 115 1932 240
155 513 1571 780 304 505 340 24 72 155 176
190 305 1346 190 305 1346 176
132 361 180 505 340 24 71 282 651 150 480 240
425 190 328 146 560 176
1031 115 1667 240
180 1065 425 196 1578 154 1607 240
132 505 340 24 65 282 154 833 331 316 240
693 643 155 366 150 338 351 155 176
132 505 340 24 56 366 150 691 155 356 723 240
221 155 361 971 305 2669 319 316 2669 176
180 3020 466 1401 196 581 505 340 24 72 1368 277 240
328 564 434 115 1702 118 727 189 115 1859 240
376 155 559 154 2182 270 1883 154 2182 160 61 160 176
657 190 189 154 140 158 56 456 240
221 2300 283 449 3094 176
132 304 505 340 24 72 366 150 3211 1185 240
132 430 292 505 340 24 116 316 115 1035 313 274 162 240
132 505 340 24 65 180 150 205 115 1468 240
132 1276 115 912 255 145 240
425 319 155 2405 176
132 1043 283 721 1446 150 221 240
196 434 3335 240
155 327 505 340 24 72 673 197 1150 240
505 1529 24 190 196 2570 176 505 1529 24 505 1529 24 196 505 340 24 71 196 505 340 24 71 115 189 211 1676 131 240 505 1529 24
826 197 305 2359 150 305 2183 240
741 505 340 24 116 497 1457 1349 296 115 1701 3636 1653 2396 240
196 505 340 24 71 282 651 150 205 1368 155 240
561 505 340 24 71 115 594 1549 240
657 269 2789 260 115 2296 438 240
196 2076 154 600 780 196 965 150 1461 240
132 505 340 24 156 867 150 155 331 154 1985 211 501 240
319 155 651 150 508 305 1212 176
196 269 3047 240
154 3109 269 750 144 72 551 780 539 154 1667 196 513 115 627 501 780 539 154 1667 196 2076 240
277 505 340 24 71 547 1868 150 908 256 154 980 780 196 505 340 24 71 651 150 508 115 627 501 240
325 706 65 701 706 71 706 446 1935 189 325 1982 189 325 1982 240
304 505 340 24 72 283 449 935 2973 240
547 780 633 633 505 340 24 71 566 240
132 505 340 24 65 1444 150 325 706 65 701 150 154 1845 65 240
132 1110 283 115 594 811 211 154 128 138 211 325 938 241 162 240
180 190 115 136 294 131 131 131 131 240
132 430 154 2183 240
425 505 340 24 71 154 1868 211 155 1221 176
132 581 505 340 24 72 361 824 150 1588 457 155 240
699 505 340 24 71 338 154 713 770 240
275 259 64 67 190 189 154 229 294 238 211 154 976 2035 1938 1974 240
155 505 340 24 116 282 651 150 282 366 256 240
132 327 338 150 1044 331 154 1044 240
180 190 115 870 211 928 240
132 327 505 340 24 72 2910 256 754 132 327 505 340 24 72 221 277 780 539 132 505 340 24 141 221 277 990 240
2660 155 150 508 115 127 145 211 154 3249 211 154 3249 211 428 765 78 187 240
132 2145 155 505 340 24 116 651 150 338 325 1072 240
325 1248 882 505 340 24 72 903 296 723 296 277 505 340 24 71 903 240
132 505 340 24 65 1444 150 154 557 164 211 325 706 65 701 523 115 3293 211 325 706 65 701 3293 240
132 304 505 340 24 72 361 971 150 338 780 316 155 361 971 150 221 240
155 361 1150 316 2168 150 1144 240
561 190 282 651 150 205 561 282 561 561 190 282 561 240
292 549 1551 235 115 140 482 189 154 2371 240
132 3695 154 559 150 180 240
155 505 340 24 116 651 150 283 115 691 150 748 150 506 189 154 2245 240
190 256 1769 176
190 155 425 155 505 340 24 116 1952 176
180 3882 524 154 1932 638 811 638 1747 240
154 1013 211 154 1607 1881 366 154 928 240
292 711 1216 154 1678 235 377 2528 240
316 155 283 150 221 256 240
425 505 340 24 71 277 780 328 501 150 221 277 176
132 1276 414 154 140 751 56 240
277 861 205 154 1747 780 316 154 1747 190 1301 162 240
132 2041 328 564 780 132 513 154 564 240
328 1859 190 115 501 330 115 1859 190 115 912 501 330 115 912 501 150 508 115 1146 240
657 505 340 24 71 651 150 508 377 118 911 150 377 3469 240
132 430 155 648 508 115 1734 566 240
376 155 559 115 938 626 176
824 221 155 361 824 150 221 155 505 340 24 116 154 3937 176
155 304 505 340 24 72 283 780 356 176
277 505 340 24 71 115 2722 438 240
296 132 1121 277 505 340 24 71 115 870 211 501 780 657 190 466 211 3528 310
132 505 340 24 65 3941 980 150 1792 425 196 269 189 1111 240
196 1276 154 438 235 154 1549 235 154 1549 240
154 3994 190 3051 240
154 1082 71 673 197 425 505 340 24 71 1813 693 190 1813 240
196 3486 115 627 501 240
155 861 283 150 508 305 1082 505 340 24 71 1082 150 305 1387 240
196 867 1786 240
154 580 2381 549 282 3037 168 604 154 976 2035 1938 1974 240
1357 523 205 154 1858 331 2989 1815 115 811 604 115 811 240
132 505 340 24 65 1444 331 154 1348 2381 160 154 2003 68 3120 211 154 2087 2262 240
277 505 340 24 71 1418 132 1840 168 155 150 205 115 1468 240
277 505 340 24 71 497 594 240
2553 780 132 304 505 340 24 72 361 425 132 505 340 24 65 651 150 221 240
189 328 501 780 561 190 547 697 659 566 240
561 319 1166 1166 1061 189 154 2710 189 154 2983 240
196 1959 150 338 150 154 2371 189 154 2371 240
221 155 430 277 505 340 24 71 1415 176
508 466 211 1476 240
180 3468 154 1352 211 377 1100 240
132 505 340 24 65 566 211 305 128 214 240
132 361 155 505 340 24 116 799 351 197 310
154 1526 190 115 136 70 143 77 235 154 1845 122 240
132 366 154 225 444 77 236 240
824 221 132 1588 824 132 903 176
1445 2528 1445 377 1072 780 154 2528 211 377 1072 780 154 2528 211 377 1072 434 688 962 377 1387 189 377 1789 240
328 1106 190 2722 240
824 376 155 508 154 1932 189 154 1932 176
277 269 497 144 72 168 604 377 3469 240
180 190 115 338 65 235 3265 123 240
196 1008 197 150 1125 277 240
132 283 688 150 154 2475 189 247 67 53 240
180 434 711 711 757 697 1398 256 1944 240
319 1934 1701 3636 189 670 3615 432 2952 176
657 523 205 154 1352 240
132 505 340 24 141 205 1229 351 155 150 600 351 155 240
180 882 505 340 24 72 283 1320 928 260 425 196 2759 240
132 361 180 190 115 1035 1268 156 130 240
741 513 150 691 414 240
132 366 115 594 127 418 211 501 240
180 1276 377 118 911 150 154 140 1283 330 1299 189 154 121 443 211 154 3249 240
292 332 180 240
132 750 366 154 127 889 60 240
132 327 505 340 24 72 691 197 561 561 240
325 1526 330 657 190 189 154 118 804 330 657 190 189 154 1039 240
154 609 2953 841 190 154 202 238 162 154 237 3863 240
283 132 1588 155 930 780 328 1747 176
325 1526 190 325 1526 189 325 1877 240
132 1502 559 1150 240
155 505 340 24 116 115 2722 472 240
277 505 340 24 71 282 115 134 443 211 1051 211 154 622 130 367 240
155 505 340 24 116 543 947 947 351 197 240
196 190 2656 256 657 190 154 1111 189 1044 240
196 3493 296 754 196 1578 1150 240
196 2076 377 947 240
319 155 1606 197 176
425 505 340 24 71 425 196 505 340 24 71 651 150 221 780 176
132 3062 155 505 340 24 156 867 150 559 155 150 559 197 240
132 965 150 1044 150 154 2104 2381 68 158 841 240
154 2533 211 328 946 2367 190 381 3589 572 211 154 98 19 1653 98 19 13 98 19 13 98 19 13 98 19 13 98 19 240
741 505 340 24 116 282 189 154 2396 240
657 3020 136 3449 312 144 72 986 240
154 1468 780 330 154 1489 269 1654 183 347 189 154 1489 780 330 154 1489 269 2099 154 202 139 379 168 330 144 737 56 168 154 144 72 224 224 222 240
916 115 1035 115 1035 310
155 861 283 115 870 211 2268 68 333 260 115 1305 128 214 66 236 150 205 115 3979 143 224 130 240
824 1166 1061 221 277 338 150 305 1736 176
327 132 949 155 693 693 221 176
754 155 304 505 340 24 72 283 243 287 780 741 505 340 24 116 282 1981 1285 780 741 505 340 24 116 189 3338 240
1400 338 150 1263 780 277 190 115 2322 211 1263 260 115 1712 260 115 1305 1066 485 131 240
115 1468 780 277 269 115 1702 780 277 269 115 1770 156 189 115 811 240
132 366 1263 780 539 132 327 505 340 24 72 338 466 277 240
277 815 505 340 24 72 1814 967 240
657 1276 154 1552 642 122 425 316 154 1489 505 340 24 71 651 150 3670 240
508 305 1521 164 211 155 319 651 150 508 154 705 240
292 549 115 2722 240
180 269 115 1839 1346 240
657 1276 154 2905 211 154 3994 351 115 135 317 189 115 128 245 65 240
305 1417 211 305 1061 319 115 870 211 1329 1329 1329 1329 1061 240
196 882 505 340 24 72 366 150 338 150 154 3109 260 930 240
277 269 282 189 325 118 911 240
741 815 505 340 24 72 1067 277 150 205 282 316 240
964 1039 330 292 505 340 24 116 189 154 1489 330 292 283 3335 240
180 144 212 168 154 140 751 56 240
196 1161 115 1602 240
132 548 115 140 1283 240
132 861 283 155 260 305 2595 260 305 1061 240
657 269 140 3854 240
115 1082 136 3449 154 140 1366 240
260 154 1357 150 903 71 190 1043 202 613 77 150 205 1334 260 154 1552 330 154 1357 780 330 154 1357 330 1719 122 150 205 400 164 211 154 205 143 224 1672 1184 780 330 154 1061 523 205 400 457 240
154 1546 523 205 127 379 168 331 154 2669 638 1747 240
304 505 340 24 72 155 361 415 1346 176
196 711 781 71 561 522 1166 539 561 505 340 24 71 547 2892 240
132 3020 780 539 132 1442 277 1398 547 558 240
154 1546 313 1493 71 189 154 2272 240
132 799 328 980 240
741 332 150 559 155 240
132 366 723 2835 240
180 269 115 870 211 118 712 240
154 275 153 211 154 1168 211 154 2497 160 71 211 154 1168 211 154 1168 211 377 1061 327 505 340 24 72 283 150 998 377 1072 505 340 24 71 1410 150 205 242 1669 77 240
824 1166 1886 221 155 1014 150 1335 189 1264 176
190 132 327 1361 328 342 72 176
328 1736 190 166 836 330 330 1266 21 2403 240
505 1529 24 505 1529 24 505 1529 24 154 1982 330 691 505 1529 24 154 1858 237 3863 240 505 1529 24
132 505 340 24 65 651 150 1020 115 128 145 65 240
132 269 543 940 150 154 622 409 189 154 2122 240
132 505 340 24 65 2314 150 2090 377 118 911 240
190 305 564 115 1014 176
154 899 878 132 327 505 340 24 72 1067 154 899 878 132 505 340 24 56 205 2701 150 508 115 1734 878 240
221 155 283 449 1417 211 1375 176
132 505 340 24 141 338 150 154 1387 150 338 150 154 2901 240
657 190 189 154 564 189 154 564 240
1514 328 136 613 162 189 154 2613 240
132 327 505 340 24 72 673 155 150 338 150 154 1821 561 1185 211 1150 240
304 505 340 24 72 2384 155 366 277 240
325 1346 190 325 947 211 377 2583 780 132 505 340 24 141 205 990 240
221 155 283 449 1269 176
115 935 160 3068 130 434 1891 1891 1891 1891 1891 2552 240
425 190 154 1868 176
189 115 1468 693 269 115 1305 438 211 115 1305 438 780 657 269 115 1305 1107 199 161 240
328 190 115 1648 3344 240
292 861 283 292 613 240
132 2597 150 673 414 240
425 376 155 283 150 305 1713 176
155 327 505 340 24 72 361 155 327 508 305 119 479 305 468 164 240
328 2479 190 356 1519 659 256 190 115 113 158 59 473 659 240
132 1121 155 648 283 1334 240
132 965 150 154 2458 189 154 2458 240
377 118 911 189 377 118 911 189 154 144 72 2725 240
196 1276 154 225 2506 211 154 3351 211 154 172 2506 232 211 154 2087 211 154 2087 575 240
154 2706 434 688 115 811 189 115 811 240
132 304 505 340 24 72 361 754 132 327 505 340 24 72 221 277 240
508 2648 211 1446 1446 155 1764 505 340 24 72 240
155 1423 197 150 508 115 140 1366 211 154 1855 240
132 505 340 24 65 115 134 545 54 310
132 581 505 340 24 72 361 1418 132 269 2592 260 256 240
132 505 340 24 141 338 150 338 604 566 240
132 505 340 24 141 1067 154 118 911 240
155 648 3266 389 115 1250 351 305 1468 330 305 3045 240
155 505 340 24 141 1315 1315 748 522 967 240
425 221 155 430 292 505 340 24 116 189 951 176
132 711 1368 325 1106 505 340 24 71 1211 240
155 505 340 24 116 282 356 134 130 162 356 723 240
425 376 657 2041 150 328 2458 176
132 505 340 24 65 282 115 134 545 161 240
180 750 3679 414 150 205 115 870 211 118 911 240
132 799 377 2711 224 160 2319 240
196 269 117 2392 312 144 72 312 240
155 648 430 155 648 430 155 648 430 240
154 1526 3053 154 225 2699 235 154 1549 240
1400 661 68 2062 240
1526 190 189 115 2974 240
154 174 145 190 154 1901 211 154 1901 211 154 1695 1061 240
115 1035 115 1035 697 659 115 1035 438 190 115 1702 697 438 240
824 723 376 155 508 566 176
699 505 340 24 71 338 305 3416 240
3175 319 1590 3614 260 115 3506 240
657 882 505 340 24 72 283 150 508 466 211 155 240
2660 155 150 205 661 68 2062 540 155 240
657 3088 168 197 150 508 1786 115 2916 240
196 2661 150 221 256 292 505 340 24 116 651 150 221 256 292 505 340 24 116 1952 240
328 113 2637 269 115 497 2099 3518 347 240
221 155 283 449 1426 930 176
328 211 1807 1061 283 688 633 757 150 205 1786 240
196 505 340 24 71 2402 150 283 930 150 221 930 240
824 190 154 501 155 332 150 221 176
561 505 340 24 71 750 750 338 150 338 150 1264 150 338 150 1264 240
132 1551 154 140 1283 211 154 501 240
132 332 155 150 338 351 197 240
132 327 338 150 154 1622 1146 240
657 505 340 24 71 147 212 168 638 811 240
132 715 115 1511 240
328 113 274 77 434 115 1056 438 211 154 3249 211 154 3249 211 115 497 3815 211 115 497 274 161 211 154 609 309 77 211 154 609 2953 841 240
155 505 340 24 116 651 150 283 558 693 505 340 24 71 818 558 693 673 71 240
657 3053 154 980 150 154 976 2035 1938 1974 240
132 304 505 340 24 72 332 150 2823 480 240
132 505 340 24 141 508 189 154 313 145 65 353 145 224 240
154 1552 211 154 1552 211 154 1168 190 154 1552 211 154 2119 211 154 2119 211 154 2119 211 154 2119 211 154 1700 77 211 154 1168 240
132 332 150 903 155 150 903 240
304 505 340 24 72 283 1320 1320 240
304 505 340 24 72 548 328 2904 150 2786 440 328 2904 240
180 269 189 154 501 240
132 430 154 557 72 2725 190 154 206 2502 77 211 154 206 2502 77 240
155 648 508 154 2405 260 316 154 1013 2027 240
132 505 340 24 65 1384 132 1912 505 340 24 72 691 155 774 155 548 150 205 661 68 2062 774 155 548 150 205 1334 240
338 150 1461 310
657 2234 316 316 811 240
3670 3607 155 240
292 505 340 24 116 651 150 508 115 136 613 240
328 1859 190 282 154 1859 240
505 1529 24 425 505 1529 24 221 155 283 150 505 1529 24 132 283 115 1269 1317 240 505 1529 24
155 505 340 24 56 366 150 205 697 136 294 440 240
328 190 282 325 313 294 161 240

132 505 340 24 65 356 2990 145 162 356 723 240
316 155 283 150 221 256 328 2904 240
155 327 505 340 24 72 283 150 508 524 150 155 189 328 240
155 505 340 24 116 697 2323 132 505 340 24 56 205 1342 240
132 332 155 150 508 155 1185 240
180 190 3907 189 3700 222 240
132 505 340 24 65 282 1571 310
132 505 340 24 65 750 366 256 240
132 283 547 1426 425 292 505 340 24 116 2573 150 221 240
180 882 505 340 24 72 332 154 1858 878 150 508 524 240
657 147 212 1050 415 144 72 1548 168 377 118 2367 240
221 155 283 115 2488 176
154 146 158 116 2509 168 150 154 140 889 168 604 115 2479 240
196 190 282 115 1701 3636 3644 161 224 150 377 600 235 377 600 240
561 319 115 870 211 928 240
132 505 340 24 65 282 115 134 545 72 472 240
115 1305 1671 156 375 168 150 205 115 1305 375 262 367 240
693 1008 155 176
154 1352 3053 154 1352 240
277 269 115 521 158 186 77 240
196 327 505 340 24 72 757 150 155 449 2084 240
1368 154 1014 162 780 328 190 497 2012 240
132 505 340 24 65 115 934 934 240
277 505 340 24 71 425 132 505 340 24 141 673 155 150 221 240
1624 155 1185 211 328 240
190 328 305 2146 176
132 505 340 24 65 497 3192 240
132 304 505 340 24 72 366 305 1982 240
132 332 150 1254 189 1793 240
115 134 268 269 2594 240
132 283 115 594 118 911 150 205 115 870 211 128 276 240
132 327 505 340 24 72 2295 155 150 508 115 1035 928 754 155 548 240
221 154 1821 211 566 240
221 155 332 132 332 150 691 155 176
132 283 115 1601 130 2533 240
189 154 1100 211 154 1736 780 189 154 1736 211 1736 780 1400 240
1031 197 774 155 332 150 361 240
277 505 340 24 71 154 1039 189 328 938 241 211 328 1712 774 196 269 547 982 240
1400 1588 168 154 642 3568 211 1061 240
180 3436 154 1342 1445 1330 1146 1445 1815 240
132 430 277 505 340 24 71 501 296 132 361 256 196 505 340 24 71 651 150 1792 328 185 78 77 240
1418 221 155 283 449 1426 1418 155 549 356 1619 176
132 3474 1056 780 539 282 282 150 205 1571 211 154 2396 240
2662 861 283 115 1468 150 205 115 1468 150 205 154 2003 189 377 1526 240
328 127 889 168 154 144 72 2725 240
196 190 1035 296 132 327 221 277 240
132 505 340 24 65 1384 132 505 340 24 65 1384 155 332 197 150 205 115 113 626 240
154 2835 581 505 340 24 72 748 1221 240
425 190 561 115 946 613 176
132 548 115 912 934 240
319 155 144 72 1548 168 540 154 2396 176
154 2706 434 682 218 168 154 2088 240
132 2908 256 505 340 24 71 1253 774 155 505 340 24 56 361 774 155 505 340 24 141 338 150 338 951 240
277 505 340 24 71 115 750 1035 1035 1035 780 1271 505 340 24 72 277 176
154 144 72 1548 367 190 189 154 2122 693 505 340 24 71 338 150 154 282 693 693 505 340 24 71 338 162 240
180 2759 150 221 256 789 240
277 505 340 24 71 282 2573 150 140 751 66 98 23 98 23 240
155 505 340 24 116 282 1571 211 154 2396 240
132 505 340 24 65 1763 211 2070 240
741 327 505 340 24 72 949 197 425 132 332 150 205 332 240
196 1918 150 508 524 1793 240
1400 205 143 154 206 2502 77 211 154 135 463 211 115 1305 1671 56 240
190 155 651 150 508 721 211 1807 1511 71 176
155 283 115 113 149 2399 68 260 154 128 463 150 338 150 338 240
657 434 115 1305 140 889 189 115 1567 742 240
154 1217 1470 211 415 982 71 240
154 253 2641 319 1502 1502 1254 351 1061 189 154 976 2035 1938 1974 240
425 505 340 24 71 196 189 1082 176
190 328 1408 72 176
132 327 505 340 24 72 1216 155 505 340 24 116 2360 150 155 240
221 155 283 449 1417 211 127 635 54 71 71 211 154 127 267 176
155 1624 197 305 1789 240
623 277 221 197 176
2184 434 115 118 262 407 260 377 1346 260 154 1305 160 240
132 304 505 340 24 72 283 115 3354 240
132 505 340 24 65 497 1763 240
189 154 1552 136 613 189 154 1489 269 381 3589 572 150 154 1489 240
132 1276 154 1552 211 325 1211 189 1264 240
132 1442 414 154 899 1108 240
824 1166 1061 319 561 189 305 1039 176
325 1035 934 269 189 799 351 691 240
221 155 1502 1562 154 3613 176
154 1430 3370 269 154 899 1824 693 269 154 818 1824 693 269 633 202 145 122 168 240
154 1269 269 282 356 292 613 240
132 2577 150 998 154 140 145 65 331 154 2563 2319 240
132 1914 971 180 330 480 319 189 377 480 240
196 434 377 1248 150 377 1248 316 154 2003 240
425 319 155 1415 150 221 176
505 1529 24 425 505 1529 24 277 155 221 176 505 1529 24 505 1529 24 155 505 340 24 116 115 1056 240 505 1529 24
292 505 340 24 116 316 189 154 957 74 74 835 240
221 155 283 150 221 277 176
292 332 150 508 154 118 804 189 154 1489 240
657 581 505 340 24 72 1414 908 277 505 340 24 71 3167 240
180 716 221 256 240
221 155 366 154 127 418 130 551 176
425 221 155 430 211 155 150 338 150 197 176
221 155 283 449 1426 176
132 304 505 340 24 72 974 366 150 508 466 211 256 240
328 2119 190 115 1701 3636 1653 2119 2119 745 128 214 66 224 224 780 539 132 304 505 340 24 72 361 256 657 190 189 62 2163 240
155 505 340 24 116 1741 240
132 505 340 24 65 2596 150 283 155 296 723 296 155 240
657 965 1239 2392 240
132 505 340 24 65 1384 780 132 581 505 340 24 72 1562 155 240
132 715 154 428 765 187 190 115 2123 154 428 765 78 187 240
155 505 340 24 116 316 633 833 789 310
132 1317 505 340 24 156 2360 154 3669 211 425 1872 150 205 1334 240
154 1269 2023 150 205 375 145 68 122 154 140 482 211 154 3249 211 154 976 2035 1938 1974 240
154 705 190 189 115 811 240
132 2360 155 549 594 1111 240
561 549 547 3518 347 71 240
1183 221 155 361 150 221 197 115 1734 1375 780 155 327 505 340 24 72 283 115 1734 1375 176
155 648 283 688 150 1144 150 1144 240
292 505 340 24 116 1695 558 211 115 501 240
1400 1240 197 154 140 1462 240
132 548 150 221 305 2183 260 305 1072 240
508 115 1839 1301 130 310
196 434 547 2892 150 508 1786 189 154 3807 72 2725 240
